Loss: 1.8102290630340576
Accuracy: 0.4129999876022339
